state_groups = {
    schema = {
        any_key = yes
        array = state
    }
    
    all_kivotos_school_state_1936 = {
        69

        55
        1052
        51
        57
        56
        909
        58
        59
        1055
        42
        28
        1053
        978
        50

        54
        53
        52

        8

        785
        18
        17
        27
        15
        16
        1050
        1049
        24
        30
        23
        33
        26
        20
        32
        1057
        851
        21
        22
        25
        31

        64
        1069
        60
        65
        62
        61
        63
        68
        66
        67
        762
        86
        807
        5
        763
        188
        85

        9
        74
        72
        75
        972

        1052
        152
        4
        975
        976
        153
        848

        139
        140
        915
        919
        141
        916
        38
        917
        99
        912
        911
        37
        110
        921
        922
        142
        920
        143
        923
        918
        666
        144

        1054
        980
        34
        1048

        29
        6
        35
        977
        7
        36            
    }
}



